4.81513029010476  2554.796996015618
4.889290998932154  2413.3995072399093
4.985350612721261  2424.217753279815
5.488488030399867  2426.689855474126
5.643661252674577  2475.4774384902153
5.888176633228666  2547.6248748329685
6.062158730930614  2654.541232360224
6.447740677188985  2780.593695749781
6.632302767318754  2676.3185553055464
6.936771438297163  2914.2332610660633
6.988495845722067  2955.4337421554274
7.119217529941368  3014.859889097379
7.476586163058883  3181.7529106514585
7.684424236529859  3337.190667109809
8.00484686434387  3550.035405520637
8.156661358863717  3611.65215005934
8.215774967349322  3647.7268503148553
8.917346020785285  4019.0712478287724
9.01515217300692  4049.6738181172013
9.09038767471587  4115.990853056586
9.283178647845055  4189.218974785729
9.47059565656646  4269.4489635912105
9.522991809542336  4319.522683995537
9.716723226442884  4319.704173144396
9.903871536943896  4336.760486689719
10.093841178758996  4438.829250718705
10.197760215494485  4489.615139257158
10.388200079195265  4467.458339000585
10.475974831189042  4463.955048460482
10.66092877289021  4550.794856354073
10.60646900269542  4507.778881165177
10.539083557951484  4507.857694550842
10.505390835579515  4484.505288378178
10.424528301886793  4449.512145142731
10.330188679245285  4484.710203180908
10.289757412398924  4490.605444428682
10.229110512129381  4514.0681893412775
10.262803234501348  4508.180829432071
10.161725067385445  4479.059283428697
10.134770889487871  4449.851042701092
10.047169811320755  4438.2575936697085
10.006738544474395  4438.304881701108
9.95956873315364  4414.968238205576
9.939353099730459  4374.056209706657
9.865229110512129  4321.51132548352
9.818059299191376  4350.806260935357
9.77088948787062  4345.013477088949
9.669811320754718  4304.196024652827
9.61590296495957  4292.563168928611
9.568733153638814  4310.1621979476995
9.433962264150946  4240.144386122539
9.38679245283019  4216.807742627007
9.332884097035041  4216.87079333554
9.245283018867925  4152.645765356789
9.191374663072777  4123.469049983449
9.157681940700808  4123.508456676282
9.043126684636118  4082.706766917293
8.982479784366578  4006.7543071515265
8.94878706199461  4006.7937138443594
8.881401617250674  4030.2643400955217
8.8544474393531  4001.0560993679164
8.807277628032345  3954.327643006888
8.780323450134771  3930.967355495657
8.753369272237197  3907.6070679844265
8.712938005390836  3884.2625431503284
8.632075471698112  3872.6612127803783
8.591644204851754  3843.468734729907
8.530997304582211  3808.4519474787594
8.470350404312669  3767.5872070112387
8.41644204851752  3738.410491637899
8.376010781671159  3697.5221071546794
8.322102425876011  3685.889251430463
8.254716981132077  3674.2721583833795
8.10646900269542  3580.878296369855
8.05256064690027  3551.701580996517
7.95822102425876  3505.028294005454
7.93800539083558  3469.964218722908
7.911051212938006  3440.7559779953026
7.870619946091645  3458.347125675825
7.836927223719677  3452.538579152283
7.803234501347709  3429.186172979619
7.776280323450135  3394.1299790356397
7.729110512129381  3359.09742910736
7.654986522911051  3300.7045916678485
7.634770889487871  3253.9446099525544
7.607816711590297  3230.5843224413234
7.540431266846362  3242.359042259737
7.513477088948788  3207.3028483157577
7.425876010781671  3178.1655396352517
7.36522911051213  3125.604892734982
7.304582210242588  3090.5881054838355
7.264150943396227  3084.78744029886
7.216981132075472  3078.994656452452
7.169811320754717  3061.505966173295
7.149595687331537  3043.9857505398713
7.075471698113208  2979.744959883986
7.028301886792454  2968.1042228212036
6.913746630727763  2886.3668605475955
6.886792452830189  2845.462713387242
6.866576819407008  2816.24659132107
6.846361185983827  2787.030469254898
6.7924528301886795  2781.2455667470563
6.745283018867925  2781.300736117022
6.711590296495958  2757.9483299443577
6.684636118598384  2728.7400892167525
6.657681940700809  2699.5318484891473
6.590296495956873  2664.5229425765674
6.543126684636119  2693.8178780284047
6.4959568733153645  2734.8087199129905
6.415094339622642  2816.774641005028
6.381401617250674  2851.9017669961067
6.334231805929919  2881.1967024479436
6.280323450134771  2863.7158935073535
6.2331536388140165  2822.8353903626994
6.199460916442049  2793.635030973661
6.152291105121294  2764.450434261755
6.098382749326145  2741.12167210479
6.064690026954178  2711.9213127157514
6.084905660377359  2676.8099494018065
6.03099730458221  2635.937327595719
5.9770889487870615  2624.3044718715028
5.929919137466308  2583.423968726848
5.849056603773585  2519.19105940953
5.788409703504043  2495.870178591132
5.754716981132075  2484.2136788512157
5.734501347708895  2466.693463217793
5.694070080862534  2460.892798032818
5.592991913746631  2461.011018111316
5.545822102425876  2431.8264213994103
5.438005390835579  2396.86480351823
5.377358490566038  2385.23982913258
5.336927223719677  2402.8309768131016
5.289757412398922  2420.4300058321905
5.24932614555256  2426.325247079964
5.188679245283019  2420.548225910689
5.11455525606469  2420.6349206349205
5.060646900269542  2426.545924559827
4.939353099730458  2414.9918822212767
5.020215633423181  2420.745259374852
4.8517520215633425  2426.79024605539
4.8382749326145555  2467.741681247143
4.831536388140162  2502.8372818839553
4.811320754716981  2590.580224145269
4.811320754716981  2637.363849876263
4.804582210242588  2666.611497296701
