4.818323402413867  3405.851125846606
4.813982650909473  3302.252032685922
4.833248614918483  3153.3728398651565
4.903953342632568  3051.696513418923
5.086830642946593  3070.0156204675886
5.227440882429994  3103.2308872271074
5.3779132248141615  2994.186772282754
5.499691971613452  3047.6777196926755
5.78916278371798  3101.8173367524178
5.879229745834952  3169.8811655135105
6.024225516542058  3293.4407285175635
6.09440133934623  3348.320255405883
6.285860570821331  3603.310815698851
6.394000351530757  3528.551110324469
6.51197793644071  3318.7244385165336
6.606043487386449  3244.552127808764
6.75016119142588  3350.32711675246
6.812075336096413  3351.4326019667465
6.941652116857814  3526.5131889001973
7.053317057915834  3588.4983280340334
7.120703164233343  3636.057011897262
7.410932650429527  3812.744482442075
7.593674062903636  3871.2863901057262
7.817970214528579  4125.779355276438
7.935180277450595  4143.139191898334
7.991171525899453  4231.2681125744375
8.406416944430202  4428.880637729626
8.49338626246073  4488.20609043717
8.838362437048135  4774.29687410376
9.12861833487501  4943.166501963445
9.498330605169704  5196.796033195902
9.629872668510806  5137.268361152822
9.739969010816681  5177.597192459753
9.835072230712964  5181.958633074857
9.911077745037808  5208.2580168528075
9.979064542391438  5316.03413204613
10.212979526933015  5401.099806640525
10.304494066508886  5387.796092182922
10.693689693687125  5428.198139731545
10.652317820326694  5428.1188082650815
10.611937436655984  5380.712374795701
10.578268094703299  5346.8375927904235
10.503875968992247  5366.906803261475
10.463518411994047  5312.743674729048
10.40268532975411  5319.336017750021
10.355251504277717  5359.748358762246
10.253764118296948  5400.014609070407
10.159193214086796  5393.002255275243
10.139105742277737  5338.893910756841
10.105436400325052  5305.019128751564
10.037800969677047  5325.106600560623
9.997192319281234  5345.267117721715
9.943367025501958  5277.554076387177
9.929944942065905  5250.4907734589715
9.89643538682079  5169.319126012363
9.876233781649182  5148.9942568091965
9.788236959121996  5196.053724856421
9.70051405666493  5162.0328521470765
9.66001953963167  5148.409893992933
9.57891637220259  5154.9474529998815
9.544995936852294  5195.396316688124
9.470832077866346  5147.8985765287025
9.437185562586171  5107.267099460378
9.423809132495137  5066.690406406077
9.363067356945244  5046.255969174861
9.29550040631477  5046.073355794779
9.241629459190476  4991.8737045863345
9.221427854018863  4971.548835383169
9.194492380456715  4944.449009778947
9.167488426877037  4937.619269363866
9.072917522666886  4930.606915568704
9.03929383405922  4883.218743437332
9.005670145451557  4835.83057130596
8.972092110188914  4774.929009048493
8.945156636626766  4747.829183444271
8.890988942759837  4781.466568055442
8.810136868728371  4713.6804813688705
8.863916509162626  4794.906912829503
8.76980213840268  4652.760657773395
8.72935327471444  4625.624309493156
8.709106016197808  4618.812830416085
8.67536819422759  4605.208133599948
8.60786972361465  4584.755435030725
8.547219254754795  4537.29421754732
8.439363227143652  4462.678390445668
8.358556806457209  4381.378913633002
8.270651290620062  4401.411601428037
8.23698194866738  4367.536819422759
8.169711744779539  4279.517170223062
8.115795144310223  4238.830909140713
8.061764410478355  4231.9281233736
7.953839902849682  4177.582381461089
7.886455565599292  4123.346207576629
7.751595584408468  4041.9006400598973
7.704481332347221  3987.7192501894615
7.670880470412067  3933.574382995042
7.650747345257987  3892.979428602734
7.54268587759425  3879.1738570685075
7.47525588699884  3838.4510733101415
7.353909295934113  3757.042028469426
7.300015522137308  3709.5990723240293
7.2730343952301375  3696.012636845902
7.212087179627651  3736.388455182111
7.151482364112818  3675.4138475726118
7.084143680207449  3607.664283562057
6.996397951077876  3580.400105915761
6.96268295578017  3560.038714036578
6.908903315345915  3478.8122825759447
6.8685914116927345  3411.1357639174216
6.848458286538655  3370.5408095251146
6.699925128514166  3336.355584773696
6.659590398188476  3275.4357611782216
6.564996667305813  3275.180102446106
6.4767715780535235  3389.806521123802
6.449539357748742  3450.5437313391953
6.368048136886989  3571.9451064179475
6.334150528209202  3605.637275043143
6.226157540562997  3571.5616183197744
6.158910163347668  3476.7852740570306
6.125354954757535  3409.127016736516
6.0648870992777635  3307.6122387487335
5.970430328430163  3266.8164096383343
5.923247596351384  3232.9051049570403
5.835752960619424  3131.317281617224
5.741296189771824  3090.521452506825
5.700801672738561  3076.898494352681
5.646633978871632  3110.5358789638517
5.5859378566667575  3076.5880516065413
5.545557472996046  3029.181618137161
5.457697610503922  3035.7009158061014
5.430807790286794  2995.0877000757846
5.315761360834908  3048.8308178340226
5.2683047086860055  3095.9998539092962
5.173825111165895  3061.960719861944
5.1333077674601215  3055.094456770848
5.031934514841902  3061.577231763771
4.971147085946987  3054.65618465865
4.856191963185142  3081.372522164699
4.835442517873284  3223.208334474667
4.8214954209694945  3351.549017996549
4.807593977410725  3466.3763113923355
4.828548862775175  3263.7302435149422
