4.806928050852299  5528.900868697303
4.812155060330108  5417.559349376477
4.822028111673652  5234.78328990814
4.987577638657498  5019.013271280763
5.090822919995606  5000.334151545221
5.196236848773761  5018.140415218355
5.2651229043540315  5030.534971304554
5.361876570183137  4908.7715505985725
5.68132187074058  4994.922443958289
5.787792058389535  5018.489557643317
5.859952084702373  5094.951748710301
6.015836313122646  5220.643021697123
6.109269803552329  5312.554765068737
6.400704520136044  5469.276071074179
6.503501647046155  5251.280269487661
6.764534654502244  5250.337584940259
6.853317628390927  5272.490671804187
6.976307492820891  5474.225164948035
7.07970923078698  5525.130130507698
7.161609447596707  5618.246415245435
7.233500421442918  5674.478296660254
7.514128368308296  5797.565964706633
7.60806051587617  5812.96314564752
7.876854258799252  6108.33763716655
7.953118033344799  6153.900723624272
8.044916164543316  6214.501873100062
8.379214274880814  6344.00877401684
8.540200137761152  6484.88774248957
8.59562016841369  6540.401388058749
8.85434000426911  6763.503397610358
9.028292769527903  6871.283664196557
9.165467943308025  6908.991046092604
9.234930917984654  6899.564200618592
9.370488849921788  7053.221781844981
9.485418999924562  7220.076946734987
9.64581314587895  7144.190840669194
9.75194455350881  7156.288625694176
9.858796266101063  7175.535101870282
9.925815588655741  7227.719425029989
10.30384208448355  7416.424671036543
10.481615717752542  7334.351262425505
10.58811202551546  7369.535296795681
10.705642984168955  7440.272345598775
10.66768430789611  7451.467268623025
10.627105546652253  7404.063205417608
10.552784746040146  7349.887133182845
10.519088386328079  7363.431151241535
10.424622857338628  7349.887133182845
10.384287720927754  7410.835214446953
10.34384599865245  7424.379232505644
10.24263510709976  7410.835214446953
10.202178158272396  7417.607223476299
10.168329533039714  7363.431151241535
10.134480907807033  7309.255079006773
10.100677962230538  7275.395033860046
10.060342825819665  7336.343115124154
9.999710695510831  7370.203160270881
9.959101481162852  7309.255079006773
9.904818823063659  7167.04288939052
9.810459879938636  7200.902934537246
9.702366586854156  7126.410835214448
9.587802009143545  7173.814898419865
9.547421193076486  7214.446952595938
9.52724601159502  7241.534988713319
9.452909984430852  7180.58690744921
9.425791495209346  7119.6388261851025
9.405479274759324  7085.778781038375
9.317667749020742  7031.602708803613
9.270389304869832  7004.514672686231
9.263522129890102  6950.338600451468
9.19591623873711  6882.618510158014
9.108333111279448  6930.022573363432
9.067815256243836  6909.706546275395
9.00016368543466  6821.670428893905
8.979775332224332  6753.950338600452
8.952732975763135  6726.86230248307
8.912321706591953  6753.950338600452
8.831301223072794  6720.090293453725
8.810943322966589  6665.914221218962
8.783855286849207  6618.510158013544
8.763497386743003  6564.334085778782
8.702789123673863  6564.334085778782
8.655571585731197  6564.334085778782
8.500184621943745  6455.9819413092555
8.446130362125475  6415.349887133183
8.405597280537801  6388.261851015802
8.32447021115421  6306.997742663658
8.270598669960677  6347.629796839729
8.223396358570074  6354.401805869074
8.182817597326217  6306.997742663658
8.155714334656775  6252.821670428894
8.108405437401741  6212.189616252823
7.987019364367583  6225.733634311513
7.91930688735016  6110.609480812642
7.831632400580132  6117.381489841987
7.770802325094499  6063.205417607223
7.730208337298581  6009.029345372461
7.696344485513839  5948.081264108353
7.662495860281158  5893.9051918735895
7.648929002394375  5860.045146726863
7.561208835968161  5846.501128668172
7.459845678894856  5765.237020316028
7.399076509617471  5738.148984198646
7.358482521821552  5683.972911963883
7.31118885111858  5650.112866817157
7.135611479297599  5562.076749435666
7.189787551532362  5656.884875846502
7.020818503306065  5507.900677200903
6.939676207370413  5419.864559819413
6.899051766470371  5352.14446952596
6.878754772572411  5325.056433408578
6.811133654867358  5250.564334085779
6.716668125877906  5237.0203160270885
6.6693896817269955  5209.932279909707
6.635556283046377  5162.52821670429
6.601783790574002  5142.212189616253
6.54792747593253  5189.616252821671
6.487493290800497  5311.512415349887
6.447158154389625  5372.460496613996
6.433758788575517  5413.092550790068
6.3598034252128866  5521.4446952595945
6.285695796329639  5562.076749435666
6.238447805282851  5548.532731376976
6.2045230472898645  5460.496613995486
6.150407881263346  5392.776523702032
6.082634498037677  5250.564334085779
5.947681567116738  5230.2483069977425
5.907057126216697  5162.52821670429
5.8393598757513345  5054.176072234764
5.7380728514383375  5006.772009029346
5.6167324580603655  5040.632054176072
5.576153696816508  4993.227990970656
5.542350751240012  4959.367945823928
5.474897125607635  4959.367945823928
5.42081241268524  4905.191873589165
5.3870246936608055  4878.103837471785
5.299517698963452  4959.367945823928
5.218756066829337  5040.632054176072
5.157910764791644  4979.683972911964
5.02979455574631  5000
4.9421809751845265  5033.860045146728
4.888157168470379  5006.772009029346
4.8410766694962675  5067.720090293455
4.834498799005706  5142.212189616253
4.828088420587821  5291.196388261851
4.828179779900189  5331.8284424379235
4.808263449803768  5474.040632054177
4.8147956406381445  5379.232505643341
4.808507074636751  5582.392776523702
