4.798955633389732  1279.0159757872966
4.817452557493746  1194.8812990064625
4.923072940845681  1081.1375823539652
5.43475809160253  1000.7845121126675
5.536029203564574  1005.2901437948567
5.647565836875738  1019.8467130128438
5.9463158126597335  1101.0365585012655
6.035684649974479  1156.982276794457
6.121281768078784  1242.9443254878097
6.20471659541785  1314.4550916681142
6.3444410650872545  1385.1127485619104
6.413480521881162  1266.786353819915
6.49563618364399  1164.2111999364324
6.584418162528312  1115.658594549102
7.017457164597785  1420.8923964957994
7.305750852707579  1581.1808552594707
7.409351615453235  1629.4374284566616
7.631867793885186  1735.8139662031017
8.511829374358507  2291.1052340603965
9.048813028423382  2580.379304500063
9.255959086174158  2661.7164770840745
9.359445587234362  2678.7110531411745
9.463028455219263  2722.0716197959337
9.566662184589287  2779.3478614201176
4.811690404326228  1231.1827956989255
4.797365276991763  1311.827956989248
4.8260351820411245  1155.9139784946242
10.724529176884865  2983.8709677419365
10.68070882852292  2994.6236559139797
10.62948028673835  2978.4946236559153
10.578251744953782  2962.3655913978505
10.527082154310506  2962.3655913978505
10.490375243664715  2919.3548387096785
10.453668333018928  2876.3440860215064
10.41702037351443  2849.462365591399
10.373278626674214  2881.720430107528
10.322305539835252  2935.4838709677433
10.22745315349305  2983.8709677419365
10.16897362132931  2983.8709677419365
10.13228636106395  2946.236559139786
10.080979217757655  2908.6021505376357
9.993279569892472  2913.978494623657
9.94199207696661  2881.720430107528
9.919905049361756  2838.709677419356
9.875888197195497  2795.698924731184
9.82479720807395  2817.20430107527
9.766435578192795  2849.462365591399
9.7077988429856  2806.451612903227
9.649181758158837  2768.8172043010763
9.605282808275167  2758.064516129033
9.422298465698296  2693.5483870967755
9.305280450229516  2677.4193548387107
9.144304533735772  2634.4086021505386
9.085746400050304  2612.9032258064526
8.99773234609822  2532.25806451613
8.953813745834118  2516.1290322580653
8.895353864050808  2521.5053763440874
8.880773281770736  2532.25806451613
8.836776079984908  2494.6236559139797
8.800108470099982  2462.3655913978505
8.704882726529586  2408.6021505376357
8.646363893604981  2397.8494623655924
8.595155002200844  2387.096774193549
8.565816984216813  2360.2150537634416
8.536439665471924  2322.580645161291
8.448563164182858  2279.5698924731196
8.411993806200089  2274.1935483870975
8.360667012513362  2231.1827956989255
8.214075174495377  2123.655913978496
8.162807331949946  2096.7741935483878
8.118967333207571  2102.1505376344094
8.096978557504872  2086.021505376345
8.067660189901277  2064.516129032259
8.045651763818148  2043.010752688173
8.001772464314909  2037.6344086021513
7.965104854429982  2005.3763440860225
7.950308117965164  1956.9892473118289
7.928260391121173  1924.7311827956996
7.898843771615419  1876.3440860215064
7.847831384015595  1919.3548387096785
7.782061560711815  1924.7311827956996
7.716134534364585  1887.0967741935492
7.664788090297428  1838.7096774193556
7.649971703452179  1784.9462365591407
7.5984287555807075  1682.7956989247318
7.51813730113815  1715.0537634408606
7.488701031251965  1661.2903225806458
7.459323712507074  1623.6559139784954
7.349615638558762  1607.526881720431
7.210490945104698  1543.0107526881725
7.122555492674339  1483.8709677419365
6.939571150097466  1419.354838709678
7.078558290888512  1446.2365591397856
6.895475696409482  1354.83870967742
6.858729485002829  1301.0752688172047
6.814712632836572  1258.0645161290327
6.7416525183927565  1268.817204301076
6.683015783185562  1225.8064516129039
6.653579513299377  1172.0430107526886
6.456368295290197  1215.053763440861
6.383681538074578  1327.9569892473128
6.303566937055901  1408.6021505376348
6.252279444130039  1376.344086021506
6.149566905615293  1274.1935483870975
6.076172734704144  1193.548387096775
5.988276583034647  1145.161290322581
5.9002232283217  1053.7634408602157
5.848955385776268  1026.881720430108
5.797785795132993  1026.881720430108
5.753847544488462  1005.3763440860221
5.702638653084324  994.6236559139788
5.578467899138527  1021.5053763440865
5.600437024460794  1032.2580645161293
5.483419008992014  1016.1290322580649
5.366400993523235  1000.0000000000005
5.322678897063447  1037.6344086021509
5.264297616801862  1064.516129032259
5.227767559579954  1069.8924731182801
5.161938785134881  1059.1397849462373
5.081627680311891  1086.0215053763445
5.001218323586745  1086.0215053763445
4.862329434697856  1086.0215053763445
4.840517512419041  1118.2795698924738
4.804478714707917  1258.0645161290327
