# wav (um)   flux
9.532940841558107 4.6411520544672715
9.515822740699935 4.5246580864787385
9.641745143443513 4.827677078356426
9.70102102642341 4.975146321070234
9.722709133988921 5.160997969421882
9.743404836697584 5.3226080984233155
9.866516014295069 5.489605231724797
9.900882888537048 5.6727633779264215
9.934650258421554 5.883193233397037
10.018605884604526 5.746834687052078
10.027953090492284 5.538088270425227
10.038963133699495 5.366377508361204
10.04998200613141 5.191299868609651
10.154821986124244 5.077499402771142
10.263210725833531 5.086926660296225
10.272451981024828 4.918582775919733
10.289068581919752 4.622297539417104
10.30028169729518 4.373148590539895
10.311503641895312 4.120632763975156
10.322743244944855 3.8613831820353557
10.333974018769691 3.605500477783086
10.44679385205096 3.535918338907469
10.455199273970177 3.6863055422838027
10.465441174628047 3.807513139034878
10.487726137783621 4.034216236661889
10.506629507877156 4.208171583850931
10.54300885673691 4.429263218665392
10.645339571068563 4.332746058289537
10.637822957769655 4.514557453416149
10.638688221790751 4.184603440038222
10.660196213172279 4.036460821786909
10.671285719401835 3.834448160535117
10.795665950896929 3.3832865504061154
10.803997795943605 3.561731067845198
10.814169062803835 3.709873686096512
10.82434915888877 3.854649426660296
10.844779984856281 4.117265886287625
10.873351356001859 4.295710403726708
10.949632914378682 4.4012059046026435
11.012703009521832 4.5111905757286195
11.033195640062278 4.750238891543239
11.05378539207448 4.9522515527950315
11.076199850525729 5.129573777671603
11.128876182346081 5.310487338748208
11.179760770166288 5.235069278547539
11.189025569956799 5.057747053670967
11.217573396503163 4.909604435419652
11.318104126224945 5.231029025322503
11.364291566502061 5.3360756091734345
11.422670400251922 5.22160176779742
11.46021226369784 4.999387840420448
11.524144679787186 4.780540790731008
11.605678155326071 4.896698070950788
11.640487373725772 4.709836359292881
11.667540118222078 4.460687410415671
11.689180547974182 4.26204162685141
11.794769246222005 4.265408504538939
11.823349446592287 4.440486144290492
11.94420681743006 4.326012302914476
11.979780352381733 4.18325668896321
12.054052673523174 4.048244893693263
12.109027841149235 4.225005972288581
12.16589393439963 4.351825031852206
12.23358171406353 4.043194577161968
12.249805414459079 3.8967353977544192
12.294993386499579 3.778894678690874
12.380538861744443 3.5731784519828
12.493837827619705 3.4551132744067523
12.575265646769619 3.410221571906354
12.691535941065624 3.367125537505972
12.79526167290068 3.27554646440516
12.901053443316716 3.2014751552795024
12.985743366687661 3.120670090778786
13.11269878872173 3.02976439321548
13.16562999082857 2.9792612279025317
13.224185409072533 2.7974498327759196
13.319673474257765 2.625739070711896
13.399239504224873 2.485452500398152
13.52066194544377 2.491063963210702
13.614475989624925 2.555034639273769
13.701497711240474 2.491063963210702
13.802923430039861 2.3705297419971334
13.836380305522237 2.2295697961458822
13.87542902331782 2.1038730291447676
13.889043687813022 1.9456297778308649
13.91853918447773 1.7716744306418217
13.97164697107867 1.653833711578276
14.055745336394374 1.7986094521420606
14.090591343230347 1.9332845596432549
14.155480258662742 2.0208233795190313
14.245361766160261 1.9736870918936127
14.342770482026335 1.8749253463927378
14.51525350694456 1.738005653766523
14.586269904322267 1.8378896918299086
14.675939510426865 1.8715584687052074
14.744710341654581 1.82105530339226
14.840286699086867 1.6156757644529378
14.869546749759438 1.5315038222646917
14.952638583458766 1.3889726668259277
15.022619018471078 1.5483382107023411
15.080362148042175 1.6762795628284755
15.183213786631429 1.7166820950788342
15.291587222351229 1.6648321786908742
15.376326589380518 1.5651725991399905
15.681399006661042 1.432421421745956
15.783256726812068 1.420396858576206
15.870321711628673 1.4405981247013857
15.975932482938259 1.4355478081700905
9.934537034871482 5.973244147157191
9.934326543022195 6.053511705685619
9.955095072151929 6.133779264214047
9.965514418691676 6.160535117056856
9.986703931519985 6.080267558528428
9.997439015833665 5.986622073578595
10.008174100147345 5.892976588628763
10.019295086184718 5.6521739130434785
10.030310826297448 5.4515050167224075
10.062796735037537 5.063545150501673
10.063007226886825 4.983277591973244
10.073742311200505 4.889632107023411
10.084442313539304 4.809364548494983
10.105456416493206 4.7959866220735785
10.115840681058073 4.8361204013377925
10.126119699698295 4.916387959866221
10.136398718338517 4.996655518394649
10.156991837593845 5.1438127090301
10.16734102018383 5.19732441471572
10.188179713263326 5.250836120401338
10.209053488317702 5.290969899665551
10.230102673246485 5.264214046822742
10.24069742966064 5.224080267558528
10.251327268049677 5.170568561872909
10.262237762237762 5.010033444816054
10.27318333840073 4.8361204013377925
10.28391842271441 4.74247491638796
10.295039408751784 4.501672240802676
10.306160394789158 4.260869565217391
10.317351544776294 3.9933110367892977
10.328542694763431 3.7257525083612038
10.339733844750567 3.4581939799331103
10.340189910424025 3.2842809364548495
10.350995158687466 3.1638795986622075
10.361765324976027 3.056856187290969
10.382919755829455 2.9899665551839467
10.403688284959188 3.070234113712374
10.41393222162453 3.1638795986622075
10.424141076314989 3.270903010033445
10.43434993100545 3.3779264214046822
10.567591271604648 4.568561872909699
10.588394882709263 4.6354515050167215
10.620038824052202 4.568561872909699
10.674696540917276 3.7257525083612038
10.68557195313048 3.5785953177257523
10.696342119419043 3.471571906354515
10.696728021142736 3.3244147157190636
10.707463105456416 3.230769230769231
10.718233271744976 3.1237458193979935
10.729003438033539 3.016722408026756
10.739633276422573 2.9632107023411374
10.760507051476951 3.0033444816053514
10.770786070117174 3.0836120401337794
10.781065088757396 3.1638795986622075
10.780819514933228 3.25752508361204
10.893222162452933 4.394648829431437
11.701651191617746 4.11371237458194
11.733365296910447 4.020066889632107
11.775042683069438 4.127090301003344
11.86832565427883 4.555183946488294
11.921018780550554 4.461538461538462
12.21535654980471 4.2207357859531776
9.799225857754285 5.5719063545150505
9.768002900109924 5.478260869565217
